dinner.jpg
553 577 196 220 
843 869 308 334 
382 407 422 447 
426 451 995 1020 
1876 1904 74 102 
1172 1203 351 382 
1170 1198 1000 1028 
72 101 27 56 
57 87 89 119 
262 294 662 694 
1940 1970 754 784 
917 949 586 618 
1754 1788 693 727 
1779 1813 1037 1071 
578 627 235 284 
1923 1972 138 187 
1887 1939 392 444 
1527 1578 59 110 
464 521 448 505 
1004 1085 594 675 
1814 1876 982 1044 
1406 1474 1064 1132 
1518 1593 82 157 
1035 1126 862 953 
636 791 410 565 
1474 1643 404 573 
1233 1371 342 480 
1389 1590 607 808 
dinner.jpg
553 577 196 220 
843 869 308 334 
382 407 422 447 
426 451 995 1020 
1876 1904 74 102 
1172 1203 351 382 
1170 1198 1000 1028 
72 101 27 56 
57 87 89 119 
262 294 662 694 
1940 1970 754 784 
917 949 586 618 
1754 1788 693 727 
1779 1813 1037 1071 
578 627 235 284 
1923 1972 138 187 
1887 1939 392 444 
1527 1578 59 110 
464 521 448 505 
1004 1085 594 675 
1814 1876 982 1044 
1406 1474 1064 1132 
1518 1593 82 157 
1035 1126 862 953 
636 791 410 565 
1474 1643 404 573 
1233 1371 342 480 
1389 1590 607 808 
844 868 309 333 
696 726 30 60 
576 604 299 327 
242 271 395 424 
1860 1892 640 672 
1590 1635 702 747 
1528 1580 60 112 
970 1022 84 136 
1890 1938 394 442 
1938 2006 380 448 
1006 1081 598 673 
701 824 968 1091 
1239 1377 340 478 
384 532 15 163 
1377 1589 601 813 
1174 1399 674 899 
424 453 994 1023 
236 280 1007 1051 
1886 1939 391 444 
1586 1636 698 748 
571 631 228 288 
900 1014 590 704 
638 793 411 566 
874 998 542 666 
1388 1592 605 809 
862 889 400 427 
574 604 298 328 
1782 1812 1040 1070 
1588 1635 699 746 
752 811 194 253 
45 104 728 787 
886 993 551 658 
702 830 964 1092 
1480 1642 406 568 
1385 1588 606 809 
475 699 638 862 
74 105 26 57 
998 1029 480 511 
421 462 987 1028 
444 513 648 717 
587 676 54 143 
1469 1643 401 575 
1383 1599 597 813 
1005 1085 595 675 
1473 1643 403 573 
1392 1588 608 804 
656 785 425 554 
618 799 398 579 
1400 1581 615 796 
1349 1602 571 824 
579 629 234 284 
640 794 412 566 
1481 1635 409 563 
474 697 636 859 
466 520 452 506 
619 801 397 579 
1467 1649 396 578 
1394 1576 618 800 
1880 1938 389 447 
648 787 420 559 
1492 1631 418 557 
1475 1632 407 564 
1342 1594 582 834 
569 634 226 291 
622 800 399 577 
1401 1579 617 795 
608 808 388 588 
1936 2010 378 452 
657 786 426 555 
1495 1624 428 557 
1449 1674 385 610 
1350 1575 591 816 
1234 1374 344 484 
1402 1654 577 829 
1002 1089 592 679 
380 545 7 172 
1000 1091 588 679 
1036 1127 863 954 
1530 1578 61 109 
243 291 104 152 
1457 1649 393 585 
1454 1661 390 597 
110 160 205 255 
468 518 454 504 
1451 1673 383 605 
577 629 232 284 
1373 1612 581 820 
660 776 434 550 
1488 1542 432 486 
655 782 429 556 
1496 1629 424 557 
1523 1581 58 116 
1816 1874 985 1043 
645 789 416 560 
1482 1626 414 558 
508 568 457 517 
1477 1639 402 564 
570 634 230 294 
446 510 649 713 
1398 1579 616 797 
1010 1077 600 667 
1393 1581 613 801 
1386 1581 612 807 
611 813 384 586 
1384 1586 609 811 
616 687 56 127 
dinner.jpg
553 577 196 220 
843 869 308 334 
382 407 422 447 
426 451 995 1020 
1876 1904 74 102 
1172 1203 351 382 
1170 1198 1000 1028 
72 101 27 56 
57 87 89 119 
262 294 662 694 
1940 1970 754 784 
917 949 586 618 
1754 1788 693 727 
1779 1813 1037 1071 
578 627 235 284 
1923 1972 138 187 
1887 1939 392 444 
1527 1578 59 110 
464 521 448 505 
1004 1085 594 675 
1814 1876 982 1044 
1406 1474 1064 1132 
1518 1593 82 157 
1035 1126 862 953 
636 791 410 565 
1474 1643 404 573 
1233 1371 342 480 
1389 1590 607 808 
844 868 309 333 
696 726 30 60 
576 604 299 327 
242 271 395 424 
1860 1892 640 672 
1590 1635 702 747 
1528 1580 60 112 
970 1022 84 136 
1890 1938 394 442 
1938 2006 380 448 
1006 1081 598 673 
701 824 968 1091 
1239 1377 340 478 
384 532 15 163 
1377 1589 601 813 
1174 1399 674 899 
424 453 994 1023 
236 280 1007 1051 
1886 1939 391 444 
1586 1636 698 748 
571 631 228 288 
900 1014 590 704 
638 793 411 566 
874 998 542 666 
1388 1592 605 809 
862 889 400 427 
574 604 298 328 
1782 1812 1040 1070 
1588 1635 699 746 
752 811 194 253 
45 104 728 787 
886 993 551 658 
702 830 964 1092 
1480 1642 406 568 
1385 1588 606 809 
475 699 638 862 
74 105 26 57 
998 1029 480 511 
421 462 987 1028 
444 513 648 717 
587 676 54 143 
1469 1643 401 575 
1383 1599 597 813 
1005 1085 595 675 
1473 1643 403 573 
1392 1588 608 804 
656 785 425 554 
618 799 398 579 
1400 1581 615 796 
1349 1602 571 824 
579 629 234 284 
640 794 412 566 
1481 1635 409 563 
474 697 636 859 
466 520 452 506 
619 801 397 579 
1467 1649 396 578 
1394 1576 618 800 
1880 1938 389 447 
648 787 420 559 
1492 1631 418 557 
1475 1632 407 564 
1342 1594 582 834 
569 634 226 291 
622 800 399 577 
1401 1579 617 795 
608 808 388 588 
1936 2010 378 452 
657 786 426 555 
1495 1624 428 557 
1449 1674 385 610 
1350 1575 591 816 
1234 1374 344 484 
1402 1654 577 829 
1002 1089 592 679 
380 545 7 172 
1000 1091 588 679 
1036 1127 863 954 
1530 1578 61 109 
243 291 104 152 
1457 1649 393 585 
1454 1661 390 597 
110 160 205 255 
468 518 454 504 
1451 1673 383 605 
577 629 232 284 
1373 1612 581 820 
660 776 434 550 
1488 1542 432 486 
655 782 429 556 
1496 1629 424 557 
1523 1581 58 116 
1816 1874 985 1043 
645 789 416 560 
1482 1626 414 558 
508 568 457 517 
1477 1639 402 564 
570 634 230 294 
446 510 649 713 
1398 1579 616 797 
1010 1077 600 667 
1393 1581 613 801 
1386 1581 612 807 
611 813 384 586 
1384 1586 609 811 
616 687 56 127 
dinner.jpg
553 577 196 220 
843 869 308 334 
382 407 422 447 
426 451 995 1020 
1876 1904 74 102 
1172 1203 351 382 
1170 1198 1000 1028 
72 101 27 56 
57 87 89 119 
262 294 662 694 
1940 1970 754 784 
917 949 586 618 
1754 1788 693 727 
1779 1813 1037 1071 
578 627 235 284 
1923 1972 138 187 
1887 1939 392 444 
1527 1578 59 110 
464 521 448 505 
1004 1085 594 675 
1814 1876 982 1044 
1406 1474 1064 1132 
1518 1593 82 157 
1035 1126 862 953 
636 791 410 565 
1474 1643 404 573 
1233 1371 342 480 
1389 1590 607 808 
844 868 309 333 
696 726 30 60 
576 604 299 327 
242 271 395 424 
1860 1892 640 672 
1590 1635 702 747 
1528 1580 60 112 
970 1022 84 136 
1890 1938 394 442 
1938 2006 380 448 
1006 1081 598 673 
701 824 968 1091 
1239 1377 340 478 
384 532 15 163 
1377 1589 601 813 
1174 1399 674 899 
424 453 994 1023 
236 280 1007 1051 
1886 1939 391 444 
1586 1636 698 748 
571 631 228 288 
900 1014 590 704 
638 793 411 566 
874 998 542 666 
1388 1592 605 809 
862 889 400 427 
574 604 298 328 
1782 1812 1040 1070 
1588 1635 699 746 
752 811 194 253 
45 104 728 787 
886 993 551 658 
702 830 964 1092 
1480 1642 406 568 
1385 1588 606 809 
475 699 638 862 
74 105 26 57 
998 1029 480 511 
421 462 987 1028 
444 513 648 717 
587 676 54 143 
1469 1643 401 575 
1383 1599 597 813 
1005 1085 595 675 
1473 1643 403 573 
1392 1588 608 804 
656 785 425 554 
618 799 398 579 
1400 1581 615 796 
1349 1602 571 824 
579 629 234 284 
640 794 412 566 
1481 1635 409 563 
474 697 636 859 
466 520 452 506 
619 801 397 579 
1467 1649 396 578 
1394 1576 618 800 
1880 1938 389 447 
648 787 420 559 
1492 1631 418 557 
1475 1632 407 564 
1342 1594 582 834 
569 634 226 291 
622 800 399 577 
1401 1579 617 795 
608 808 388 588 
1936 2010 378 452 
657 786 426 555 
1495 1624 428 557 
1449 1674 385 610 
1350 1575 591 816 
1234 1374 344 484 
1402 1654 577 829 
1002 1089 592 679 
380 545 7 172 
1000 1091 588 679 
1036 1127 863 954 
1530 1578 61 109 
243 291 104 152 
1457 1649 393 585 
1454 1661 390 597 
110 160 205 255 
468 518 454 504 
1451 1673 383 605 
577 629 232 284 
1373 1612 581 820 
660 776 434 550 
1488 1542 432 486 
655 782 429 556 
1496 1629 424 557 
1523 1581 58 116 
1816 1874 985 1043 
645 789 416 560 
1482 1626 414 558 
508 568 457 517 
1477 1639 402 564 
570 634 230 294 
446 510 649 713 
1398 1579 616 797 
1010 1077 600 667 
1393 1581 613 801 
1386 1581 612 807 
611 813 384 586 
1384 1586 609 811 
616 687 56 127 
dinner.jpg
553 577 196 220 
843 869 308 334 
382 407 422 447 
426 451 995 1020 
1876 1904 74 102 
1172 1203 351 382 
1170 1198 1000 1028 
72 101 27 56 
57 87 89 119 
262 294 662 694 
1940 1970 754 784 
917 949 586 618 
1754 1788 693 727 
1779 1813 1037 1071 
578 627 235 284 
1923 1972 138 187 
1887 1939 392 444 
1527 1578 59 110 
464 521 448 505 
1004 1085 594 675 
1814 1876 982 1044 
1406 1474 1064 1132 
1518 1593 82 157 
1035 1126 862 953 
636 791 410 565 
1474 1643 404 573 
1233 1371 342 480 
1389 1590 607 808 
844 868 309 333 
696 726 30 60 
576 604 299 327 
242 271 395 424 
1860 1892 640 672 
1590 1635 702 747 
1528 1580 60 112 
970 1022 84 136 
1890 1938 394 442 
1938 2006 380 448 
1006 1081 598 673 
701 824 968 1091 
1239 1377 340 478 
384 532 15 163 
1377 1589 601 813 
1174 1399 674 899 
424 453 994 1023 
236 280 1007 1051 
1886 1939 391 444 
1586 1636 698 748 
571 631 228 288 
900 1014 590 704 
638 793 411 566 
874 998 542 666 
1388 1592 605 809 
862 889 400 427 
574 604 298 328 
1782 1812 1040 1070 
1588 1635 699 746 
752 811 194 253 
45 104 728 787 
886 993 551 658 
702 830 964 1092 
1480 1642 406 568 
1385 1588 606 809 
475 699 638 862 
74 105 26 57 
998 1029 480 511 
421 462 987 1028 
444 513 648 717 
587 676 54 143 
1469 1643 401 575 
1383 1599 597 813 
1005 1085 595 675 
1473 1643 403 573 
1392 1588 608 804 
656 785 425 554 
618 799 398 579 
1400 1581 615 796 
1349 1602 571 824 
579 629 234 284 
640 794 412 566 
1481 1635 409 563 
474 697 636 859 
466 520 452 506 
619 801 397 579 
1467 1649 396 578 
1394 1576 618 800 
1880 1938 389 447 
648 787 420 559 
1492 1631 418 557 
1475 1632 407 564 
1342 1594 582 834 
569 634 226 291 
622 800 399 577 
1401 1579 617 795 
608 808 388 588 
1936 2010 378 452 
657 786 426 555 
1495 1624 428 557 
1449 1674 385 610 
1350 1575 591 816 
1234 1374 344 484 
1402 1654 577 829 
1002 1089 592 679 
380 545 7 172 
1000 1091 588 679 
1036 1127 863 954 
1530 1578 61 109 
243 291 104 152 
1457 1649 393 585 
1454 1661 390 597 
110 160 205 255 
468 518 454 504 
1451 1673 383 605 
577 629 232 284 
1373 1612 581 820 
660 776 434 550 
1488 1542 432 486 
655 782 429 556 
1496 1629 424 557 
1523 1581 58 116 
1816 1874 985 1043 
645 789 416 560 
1482 1626 414 558 
508 568 457 517 
1477 1639 402 564 
570 634 230 294 
446 510 649 713 
1398 1579 616 797 
1010 1077 600 667 
1393 1581 613 801 
1386 1581 612 807 
611 813 384 586 
1384 1586 609 811 
616 687 56 127 
dinner.jpg
553 577 196 220 
843 869 308 334 
382 407 422 447 
426 451 995 1020 
1876 1904 74 102 
1172 1203 351 382 
1170 1198 1000 1028 
72 101 27 56 
57 87 89 119 
262 294 662 694 
1940 1970 754 784 
917 949 586 618 
1754 1788 693 727 
1779 1813 1037 1071 
578 627 235 284 
1923 1972 138 187 
1887 1939 392 444 
1527 1578 59 110 
464 521 448 505 
1004 1085 594 675 
1814 1876 982 1044 
1406 1474 1064 1132 
1518 1593 82 157 
1035 1126 862 953 
636 791 410 565 
1474 1643 404 573 
1233 1371 342 480 
1389 1590 607 808 
844 868 309 333 
696 726 30 60 
576 604 299 327 
242 271 395 424 
1860 1892 640 672 
1590 1635 702 747 
1528 1580 60 112 
970 1022 84 136 
1890 1938 394 442 
1938 2006 380 448 
1006 1081 598 673 
701 824 968 1091 
1239 1377 340 478 
384 532 15 163 
1377 1589 601 813 
1174 1399 674 899 
424 453 994 1023 
236 280 1007 1051 
1886 1939 391 444 
1586 1636 698 748 
571 631 228 288 
900 1014 590 704 
638 793 411 566 
874 998 542 666 
1388 1592 605 809 
862 889 400 427 
574 604 298 328 
1782 1812 1040 1070 
1588 1635 699 746 
752 811 194 253 
45 104 728 787 
886 993 551 658 
702 830 964 1092 
1480 1642 406 568 
1385 1588 606 809 
475 699 638 862 
74 105 26 57 
998 1029 480 511 
421 462 987 1028 
444 513 648 717 
587 676 54 143 
1469 1643 401 575 
1383 1599 597 813 
1005 1085 595 675 
1473 1643 403 573 
1392 1588 608 804 
656 785 425 554 
618 799 398 579 
1400 1581 615 796 
1349 1602 571 824 
579 629 234 284 
640 794 412 566 
1481 1635 409 563 
474 697 636 859 
466 520 452 506 
619 801 397 579 
1467 1649 396 578 
1394 1576 618 800 
1880 1938 389 447 
648 787 420 559 
1492 1631 418 557 
1475 1632 407 564 
1342 1594 582 834 
569 634 226 291 
622 800 399 577 
1401 1579 617 795 
608 808 388 588 
1936 2010 378 452 
657 786 426 555 
1495 1624 428 557 
1449 1674 385 610 
1350 1575 591 816 
1234 1374 344 484 
1402 1654 577 829 
1002 1089 592 679 
380 545 7 172 
1000 1091 588 679 
1036 1127 863 954 
1530 1578 61 109 
243 291 104 152 
1457 1649 393 585 
1454 1661 390 597 
110 160 205 255 
468 518 454 504 
1451 1673 383 605 
577 629 232 284 
1373 1612 581 820 
660 776 434 550 
1488 1542 432 486 
655 782 429 556 
1496 1629 424 557 
1523 1581 58 116 
1816 1874 985 1043 
645 789 416 560 
1482 1626 414 558 
508 568 457 517 
1477 1639 402 564 
570 634 230 294 
446 510 649 713 
1398 1579 616 797 
1010 1077 600 667 
1393 1581 613 801 
1386 1581 612 807 
611 813 384 586 
1384 1586 609 811 
616 687 56 127 
dinner.jpg
553 577 196 220 
843 869 308 334 
382 407 422 447 
426 451 995 1020 
1876 1904 74 102 
1172 1203 351 382 
1170 1198 1000 1028 
72 101 27 56 
57 87 89 119 
262 294 662 694 
1940 1970 754 784 
917 949 586 618 
1754 1788 693 727 
1779 1813 1037 1071 
578 627 235 284 
1923 1972 138 187 
1887 1939 392 444 
1527 1578 59 110 
464 521 448 505 
1004 1085 594 675 
1814 1876 982 1044 
1406 1474 1064 1132 
1518 1593 82 157 
1035 1126 862 953 
636 791 410 565 
1474 1643 404 573 
1233 1371 342 480 
1389 1590 607 808 
844 868 309 333 
696 726 30 60 
576 604 299 327 
242 271 395 424 
1860 1892 640 672 
1590 1635 702 747 
1528 1580 60 112 
970 1022 84 136 
1890 1938 394 442 
1938 2006 380 448 
1006 1081 598 673 
701 824 968 1091 
1239 1377 340 478 
384 532 15 163 
1377 1589 601 813 
1174 1399 674 899 
424 453 994 1023 
236 280 1007 1051 
1886 1939 391 444 
1586 1636 698 748 
571 631 228 288 
900 1014 590 704 
638 793 411 566 
874 998 542 666 
1388 1592 605 809 
862 889 400 427 
574 604 298 328 
1782 1812 1040 1070 
1588 1635 699 746 
752 811 194 253 
45 104 728 787 
886 993 551 658 
702 830 964 1092 
1480 1642 406 568 
1385 1588 606 809 
475 699 638 862 
74 105 26 57 
998 1029 480 511 
421 462 987 1028 
444 513 648 717 
587 676 54 143 
1469 1643 401 575 
1383 1599 597 813 
1005 1085 595 675 
1473 1643 403 573 
1392 1588 608 804 
656 785 425 554 
618 799 398 579 
1400 1581 615 796 
1349 1602 571 824 
579 629 234 284 
640 794 412 566 
1481 1635 409 563 
474 697 636 859 
466 520 452 506 
619 801 397 579 
1467 1649 396 578 
1394 1576 618 800 
1880 1938 389 447 
648 787 420 559 
1492 1631 418 557 
1475 1632 407 564 
1342 1594 582 834 
569 634 226 291 
622 800 399 577 
1401 1579 617 795 
608 808 388 588 
1936 2010 378 452 
657 786 426 555 
1495 1624 428 557 
1449 1674 385 610 
1350 1575 591 816 
1234 1374 344 484 
1402 1654 577 829 
1002 1089 592 679 
380 545 7 172 
1000 1091 588 679 
1036 1127 863 954 
1530 1578 61 109 
243 291 104 152 
1457 1649 393 585 
1454 1661 390 597 
110 160 205 255 
468 518 454 504 
1451 1673 383 605 
577 629 232 284 
1373 1612 581 820 
660 776 434 550 
1488 1542 432 486 
655 782 429 556 
1496 1629 424 557 
1523 1581 58 116 
1816 1874 985 1043 
645 789 416 560 
1482 1626 414 558 
508 568 457 517 
1477 1639 402 564 
570 634 230 294 
446 510 649 713 
1398 1579 616 797 
1010 1077 600 667 
1393 1581 613 801 
1386 1581 612 807 
611 813 384 586 
1384 1586 609 811 
616 687 56 127 
dinner.jpg
553 577 196 220 
843 869 308 334 
382 407 422 447 
426 451 995 1020 
1876 1904 74 102 
1172 1203 351 382 
1170 1198 1000 1028 
72 101 27 56 
57 87 89 119 
262 294 662 694 
1940 1970 754 784 
917 949 586 618 
1754 1788 693 727 
1779 1813 1037 1071 
578 627 235 284 
1923 1972 138 187 
1887 1939 392 444 
1527 1578 59 110 
464 521 448 505 
1004 1085 594 675 
1814 1876 982 1044 
1406 1474 1064 1132 
1518 1593 82 157 
1035 1126 862 953 
636 791 410 565 
1474 1643 404 573 
1233 1371 342 480 
1389 1590 607 808 
844 868 309 333 
696 726 30 60 
576 604 299 327 
242 271 395 424 
1860 1892 640 672 
1590 1635 702 747 
1528 1580 60 112 
970 1022 84 136 
1890 1938 394 442 
1938 2006 380 448 
1006 1081 598 673 
701 824 968 1091 
1239 1377 340 478 
384 532 15 163 
1377 1589 601 813 
1174 1399 674 899 
424 453 994 1023 
236 280 1007 1051 
1886 1939 391 444 
1586 1636 698 748 
571 631 228 288 
900 1014 590 704 
638 793 411 566 
874 998 542 666 
1388 1592 605 809 
862 889 400 427 
574 604 298 328 
1782 1812 1040 1070 
1588 1635 699 746 
752 811 194 253 
45 104 728 787 
886 993 551 658 
702 830 964 1092 
1480 1642 406 568 
1385 1588 606 809 
475 699 638 862 
74 105 26 57 
998 1029 480 511 
421 462 987 1028 
444 513 648 717 
587 676 54 143 
1469 1643 401 575 
1383 1599 597 813 
1005 1085 595 675 
1473 1643 403 573 
1392 1588 608 804 
656 785 425 554 
618 799 398 579 
1400 1581 615 796 
1349 1602 571 824 
579 629 234 284 
640 794 412 566 
1481 1635 409 563 
474 697 636 859 
466 520 452 506 
619 801 397 579 
1467 1649 396 578 
1394 1576 618 800 
1880 1938 389 447 
648 787 420 559 
1492 1631 418 557 
1475 1632 407 564 
1342 1594 582 834 
569 634 226 291 
622 800 399 577 
1401 1579 617 795 
608 808 388 588 
1936 2010 378 452 
657 786 426 555 
1495 1624 428 557 
1449 1674 385 610 
1350 1575 591 816 
1234 1374 344 484 
1402 1654 577 829 
1002 1089 592 679 
380 545 7 172 
1000 1091 588 679 
1036 1127 863 954 
1530 1578 61 109 
243 291 104 152 
1457 1649 393 585 
1454 1661 390 597 
110 160 205 255 
468 518 454 504 
1451 1673 383 605 
577 629 232 284 
1373 1612 581 820 
660 776 434 550 
1488 1542 432 486 
655 782 429 556 
1496 1629 424 557 
1523 1581 58 116 
1816 1874 985 1043 
645 789 416 560 
1482 1626 414 558 
508 568 457 517 
1477 1639 402 564 
570 634 230 294 
446 510 649 713 
1398 1579 616 797 
1010 1077 600 667 
1393 1581 613 801 
1386 1581 612 807 
611 813 384 586 
1384 1586 609 811 
616 687 56 127 
dinner.jpg
553 577 196 220 
843 869 308 334 
382 407 422 447 
426 451 995 1020 
1876 1904 74 102 
1172 1203 351 382 
1170 1198 1000 1028 
72 101 27 56 
57 87 89 119 
262 294 662 694 
1940 1970 754 784 
917 949 586 618 
1754 1788 693 727 
1779 1813 1037 1071 
578 627 235 284 
1923 1972 138 187 
1887 1939 392 444 
1527 1578 59 110 
464 521 448 505 
1004 1085 594 675 
1814 1876 982 1044 
1406 1474 1064 1132 
1518 1593 82 157 
1035 1126 862 953 
636 791 410 565 
1474 1643 404 573 
1233 1371 342 480 
1389 1590 607 808 
844 868 309 333 
696 726 30 60 
576 604 299 327 
242 271 395 424 
1860 1892 640 672 
1590 1635 702 747 
1528 1580 60 112 
970 1022 84 136 
1890 1938 394 442 
1938 2006 380 448 
1006 1081 598 673 
701 824 968 1091 
1239 1377 340 478 
384 532 15 163 
1377 1589 601 813 
1174 1399 674 899 
424 453 994 1023 
236 280 1007 1051 
1886 1939 391 444 
1586 1636 698 748 
571 631 228 288 
900 1014 590 704 
638 793 411 566 
874 998 542 666 
1388 1592 605 809 
862 889 400 427 
574 604 298 328 
1782 1812 1040 1070 
1588 1635 699 746 
752 811 194 253 
45 104 728 787 
886 993 551 658 
702 830 964 1092 
1480 1642 406 568 
1385 1588 606 809 
475 699 638 862 
74 105 26 57 
998 1029 480 511 
421 462 987 1028 
444 513 648 717 
587 676 54 143 
1469 1643 401 575 
1383 1599 597 813 
1005 1085 595 675 
1473 1643 403 573 
1392 1588 608 804 
656 785 425 554 
618 799 398 579 
1400 1581 615 796 
1349 1602 571 824 
579 629 234 284 
640 794 412 566 
1481 1635 409 563 
474 697 636 859 
466 520 452 506 
619 801 397 579 
1467 1649 396 578 
1394 1576 618 800 
1880 1938 389 447 
648 787 420 559 
1492 1631 418 557 
1475 1632 407 564 
1342 1594 582 834 
569 634 226 291 
622 800 399 577 
1401 1579 617 795 
608 808 388 588 
1936 2010 378 452 
657 786 426 555 
1495 1624 428 557 
1449 1674 385 610 
1350 1575 591 816 
1234 1374 344 484 
1402 1654 577 829 
1002 1089 592 679 
380 545 7 172 
1000 1091 588 679 
1036 1127 863 954 
1530 1578 61 109 
243 291 104 152 
1457 1649 393 585 
1454 1661 390 597 
110 160 205 255 
468 518 454 504 
1451 1673 383 605 
577 629 232 284 
1373 1612 581 820 
660 776 434 550 
1488 1542 432 486 
655 782 429 556 
1496 1629 424 557 
1523 1581 58 116 
1816 1874 985 1043 
645 789 416 560 
1482 1626 414 558 
508 568 457 517 
1477 1639 402 564 
570 634 230 294 
446 510 649 713 
1398 1579 616 797 
1010 1077 600 667 
1393 1581 613 801 
1386 1581 612 807 
611 813 384 586 
1384 1586 609 811 
616 687 56 127 
dinner.jpg
553 577 196 220 
843 869 308 334 
382 407 422 447 
426 451 995 1020 
1876 1904 74 102 
1172 1203 351 382 
1170 1198 1000 1028 
72 101 27 56 
57 87 89 119 
262 294 662 694 
1940 1970 754 784 
917 949 586 618 
1754 1788 693 727 
1779 1813 1037 1071 
578 627 235 284 
1923 1972 138 187 
1887 1939 392 444 
1527 1578 59 110 
464 521 448 505 
1004 1085 594 675 
1814 1876 982 1044 
1406 1474 1064 1132 
1518 1593 82 157 
1035 1126 862 953 
636 791 410 565 
1474 1643 404 573 
1233 1371 342 480 
1389 1590 607 808 
552 577 195 220 
1860 1889 642 671 
300 333 900 933 
1594 1638 683 727 
1889 1937 395 443 
1529 1579 61 111 
575 630 231 286 
1584 1637 697 750 
1005 1080 596 671 
444 512 648 716 
883 994 552 663 
1473 1643 402 572 
1237 1370 346 479 
1380 1591 602 813 
844 868 309 333 
381 407 421 447 
74 104 26 56 
520 550 60 90 
1968 1998 96 126 
574 604 298 328 
999 1031 479 511 
1586 1636 696 746 
572 632 229 289 
1003 1084 593 674 
1036 1127 863 954 
1234 1370 341 477 
698 830 958 1090 
1387 1587 604 804 
998 1030 480 512 
422 459 990 1027 
1587 1633 699 745 
1528 1579 58 109 
678 730 230 282 
1383 1585 605 807 
425 455 992 1022 
696 728 30 62 
639 792 413 566 
862 889 400 427 
1782 1812 1040 1070 
752 811 194 253 
45 104 728 787 
886 993 551 658 
702 830 964 1092 
1480 1642 406 568 
1385 1588 606 809 
475 699 638 862 
424 452 994 1022 
467 517 454 504 
637 788 414 565 
1526 1580 56 110 
1394 1593 608 807 
48 91 84 127 
635 793 408 566 
462 711 624 873 
718 1166 429 877 
537 570 344 377 
1780 1813 1038 1071 
640 789 412 561 
1451 1668 388 605 
1938 2004 379 445 
656 785 425 554 
618 799 398 579 
1400 1581 615 796 
1349 1602 571 824 
1888 1937 394 443 
1008 1078 598 668 
644 788 418 562 
1375 1607 587 819 
880 998 547 665 
625 801 399 575 
1330 1593 569 832 
657 785 428 556 
612 807 391 586 
1880 1938 389 447 
648 787 420 559 
584 623 242 281 
420 459 989 1028 
1813 1875 981 1043 
632 793 405 566 
530 597 117 184 
568 635 227 294 
1464 1651 396 583 
1391 1578 613 800 
566 635 226 295 
1382 1597 599 814 
582 624 239 281 
1568 1642 672 746 
1363 1593 588 818 
1506 1644 367 505 
1487 1625 416 554 
1362 1608 577 823 
1002 1084 595 677 
634 793 407 566 
367 550 0 183 
1466 1649 397 580 
1392 1575 617 800 
scibowl.png
809 838 155 184 
532 579 217 264 
440 482 244 286 
363 407 218 262 
733 774 233 274 
632 679 231 278 
180 231 251 302 
268 319 256 307 
102 150 236 284 
394 446 546 598 
172 229 511 568 
522 594 166 238 
3 113 196 306 
430 456 322 348 
100 129 588 617 
439 484 243 288 
805 842 153 190 
732 775 232 275 
174 228 513 567 
222 278 253 309 
526 594 168 236 
168 232 432 496 
386 453 541 608 
361 408 216 263 
99 147 235 283 
173 225 514 566 
525 596 167 238 
267 373 150 256 
734 772 234 272 
631 681 230 280 
170 228 509 567 
443 481 246 284 
366 407 219 260 
266 319 255 308 
220 279 250 309 
592 706 140 254 
804 843 151 190 
171 228 510 567 
398 448 542 592 
529 580 215 266 
106 147 237 278 
179 232 249 302 
358 416 214 272 
630 688 229 287 
445 478 248 281 
528 590 171 233 
269 316 258 305 
356 422 209 275 
438 487 241 290 
181 230 252 301 
264 364 154 254 
359 410 213 264 
436 487 240 291 
4 113 200 309 
368 404 222 258 
435 488 239 292 
523 602 162 241 
434 489 238 293 
442 480 245 283 
176 236 247 307 
590 685 187 282 
535 574 221 260 
273 312 261 300 
166 231 506 571 
536 576 220 260 
678 790 182 294 
184 225 257 298 
275 317 260 302 
182 226 254 298 
272 316 259 303 
437 483 242 288 
dinner.jpg
553 577 196 220 
843 869 308 334 
382 407 422 447 
426 451 995 1020 
1876 1904 74 102 
1172 1203 351 382 
1170 1198 1000 1028 
72 101 27 56 
57 87 89 119 
262 294 662 694 
1940 1970 754 784 
917 949 586 618 
1754 1788 693 727 
1779 1813 1037 1071 
578 627 235 284 
1923 1972 138 187 
1887 1939 392 444 
1527 1578 59 110 
464 521 448 505 
1004 1085 594 675 
1814 1876 982 1044 
1406 1474 1064 1132 
1518 1593 82 157 
1035 1126 862 953 
636 791 410 565 
1474 1643 404 573 
1233 1371 342 480 
1389 1590 607 808 
552 577 195 220 
1860 1889 642 671 
300 333 900 933 
1594 1638 683 727 
1889 1937 395 443 
1529 1579 61 111 
575 630 231 286 
1584 1637 697 750 
1005 1080 596 671 
444 512 648 716 
883 994 552 663 
1473 1643 402 572 
1237 1370 346 479 
1380 1591 602 813 
844 868 309 333 
381 407 421 447 
74 104 26 56 
520 550 60 90 
1968 1998 96 126 
574 604 298 328 
999 1031 479 511 
1586 1636 696 746 
572 632 229 289 
1003 1084 593 674 
1036 1127 863 954 
1234 1370 341 477 
698 830 958 1090 
1387 1587 604 804 
998 1030 480 512 
422 459 990 1027 
1587 1633 699 745 
1528 1579 58 109 
678 730 230 282 
1383 1585 605 807 
425 455 992 1022 
696 728 30 62 
639 792 413 566 
862 889 400 427 
1782 1812 1040 1070 
752 811 194 253 
45 104 728 787 
886 993 551 658 
702 830 964 1092 
1480 1642 406 568 
1385 1588 606 809 
475 699 638 862 
424 452 994 1022 
467 517 454 504 
637 788 414 565 
1526 1580 56 110 
1394 1593 608 807 
48 91 84 127 
635 793 408 566 
462 711 624 873 
718 1166 429 877 
537 570 344 377 
1780 1813 1038 1071 
640 789 412 561 
1451 1668 388 605 
1938 2004 379 445 
656 785 425 554 
618 799 398 579 
1400 1581 615 796 
1349 1602 571 824 
1888 1937 394 443 
1008 1078 598 668 
644 788 418 562 
1375 1607 587 819 
880 998 547 665 
625 801 399 575 
1330 1593 569 832 
657 785 428 556 
612 807 391 586 
1880 1938 389 447 
648 787 420 559 
584 623 242 281 
420 459 989 1028 
1813 1875 981 1043 
632 793 405 566 
530 597 117 184 
568 635 227 294 
1464 1651 396 583 
1391 1578 613 800 
566 635 226 295 
1382 1597 599 814 
582 624 239 281 
1568 1642 672 746 
1363 1593 588 818 
1506 1644 367 505 
1487 1625 416 554 
1362 1608 577 823 
1002 1084 595 677 
634 793 407 566 
367 550 0 183 
1466 1649 397 580 
1392 1575 617 800 
scibowl.png
809 838 155 184 
532 579 217 264 
440 482 244 286 
363 407 218 262 
733 774 233 274 
632 679 231 278 
180 231 251 302 
268 319 256 307 
102 150 236 284 
394 446 546 598 
172 229 511 568 
522 594 166 238 
3 113 196 306 
430 456 322 348 
100 129 588 617 
439 484 243 288 
805 842 153 190 
732 775 232 275 
174 228 513 567 
222 278 253 309 
526 594 168 236 
168 232 432 496 
386 453 541 608 
361 408 216 263 
99 147 235 283 
173 225 514 566 
525 596 167 238 
267 373 150 256 
734 772 234 272 
631 681 230 280 
170 228 509 567 
443 481 246 284 
366 407 219 260 
266 319 255 308 
220 279 250 309 
592 706 140 254 
804 843 151 190 
171 228 510 567 
398 448 542 592 
529 580 215 266 
106 147 237 278 
179 232 249 302 
630 688 229 287 
358 416 214 272 
445 478 248 281 
528 590 171 233 
269 316 258 305 
356 422 209 275 
438 487 241 290 
181 230 252 301 
264 364 154 254 
359 410 213 264 
436 487 240 291 
4 113 200 309 
368 404 222 258 
435 488 239 292 
523 602 162 241 
434 489 238 293 
442 480 245 283 
176 236 247 307 
590 685 187 282 
535 574 221 260 
273 312 261 300 
166 231 506 571 
536 576 220 260 
678 790 182 294 
184 225 257 298 
275 317 260 302 
182 226 254 298 
272 316 259 303 
437 483 242 288 
scibowl.png
809 838 155 184 
532 579 217 264 
440 482 244 286 
363 407 218 262 
733 774 233 274 
632 679 231 278 
180 231 251 302 
268 319 256 307 
102 150 236 284 
394 446 546 598 
172 229 511 568 
522 594 166 238 
3 113 196 306 
430 456 322 348 
100 129 588 617 
439 484 243 288 
805 842 153 190 
732 775 232 275 
174 228 513 567 
222 278 253 309 
526 594 168 236 
168 232 432 496 
386 453 541 608 
361 408 216 263 
99 147 235 283 
173 225 514 566 
525 596 167 238 
267 373 150 256 
734 772 234 272 
631 681 230 280 
170 228 509 567 
443 481 246 284 
366 407 219 260 
266 319 255 308 
220 279 250 309 
592 706 140 254 
804 843 151 190 
171 228 510 567 
398 448 542 592 
529 580 215 266 
106 147 237 278 
179 232 249 302 
358 416 214 272 
630 688 229 287 
445 478 248 281 
528 590 171 233 
269 316 258 305 
356 422 209 275 
438 487 241 290 
181 230 252 301 
264 364 154 254 
359 410 213 264 
436 487 240 291 
4 113 200 309 
368 404 222 258 
435 488 239 292 
523 602 162 241 
434 489 238 293 
442 480 245 283 
176 236 247 307 
590 685 187 282 
535 574 221 260 
273 312 261 300 
166 231 506 571 
536 576 220 260 
678 790 182 294 
184 225 257 298 
275 317 260 302 
182 226 254 298 
272 316 259 303 
437 483 242 288 
scibowl.png
631 681 230 280 
360 409 216 265 
530 582 215 267 
180 233 250 303 
437 486 241 290 
267 320 255 308 
438 486 242 290 
269 320 256 307 
362 408 217 263 
632 680 231 279 
179 230 251 302 
178 233 249 304 
181 230 252 301 
176 234 246 304 
scibowl.png
scibowl.png
scibowl.png
532 579 217 264 
440 482 244 286 
363 407 218 262 
733 774 233 274 
632 679 231 278 
180 231 251 302 
268 319 256 307 
172 229 511 568 
522 594 166 238 
439 484 243 288 
526 594 168 236 
361 408 216 263 
525 596 167 238 
100 148 236 284 
267 319 255 307 
631 681 230 280 
170 228 509 567 
443 481 246 284 
366 407 219 260 
529 580 215 266 
179 232 249 302 
438 487 241 290 
181 230 252 301 
359 410 213 264 
436 487 240 291 
528 581 214 267 
178 231 250 303 
266 321 254 309 
176 236 247 307 
535 577 220 262 
184 229 253 298 
dinner.jpg
578 627 235 284 
1004 1085 594 675 
636 791 410 565 
1474 1643 404 573 
1389 1590 607 808 
1005 1080 596 671 
1473 1643 402 572 
1380 1591 602 813 
1003 1084 593 674 
1387 1587 604 804 
1383 1585 605 807 
639 792 413 566 
1480 1642 406 568 
1385 1588 606 809 
637 788 414 565 
1467 1643 400 576 
1394 1593 608 807 
635 793 408 566 
640 789 412 561 
656 785 425 554 
618 799 398 579 
1400 1581 615 796 
644 788 418 562 
1455 1660 392 597 
1375 1607 587 819 
625 801 399 575 
1406 1582 620 796 
657 785 428 556 
648 787 420 559 
1374 1610 586 822 
632 793 405 566 
615 802 395 582 
1464 1651 396 583 
1391 1578 613 800 
1452 1652 394 594 
660 784 429 553 
1382 1597 599 814 
1487 1625 416 554 
1362 1608 577 823 
634 793 407 566 
1410 1577 624 791 
1466 1649 397 580 
1392 1575 617 800 
dinner.jpg
843 869 308 334 
1172 1203 351 382 
1779 1813 1037 1071 
578 627 235 284 
1887 1939 392 444 
464 521 448 505 
1004 1085 594 675 
636 791 410 565 
1474 1643 404 573 
1233 1371 342 480 
382 544 8 170 
1389 1590 607 808 
552 577 195 220 
1889 1937 395 443 
1529 1579 61 111 
575 630 231 286 
1005 1080 596 671 
1473 1643 402 572 
1380 1591 602 813 
74 104 26 56 
999 1031 479 511 
1528 1578 60 110 
572 632 229 289 
1003 1084 593 674 
1234 1370 341 477 
1387 1587 604 804 
dinner.jpg
460 514 125 179 
197 249 127 179 
433 497 189 253 
148 216 198 266 
431 497 188 254 
195 248 126 179 
459 516 124 181 
198 248 128 178 
432 495 190 253 
434 496 191 253 
452 518 122 188 
453 523 119 189 
429 499 185 255 
425 500 184 259 
437 490 194 247 
418 497 180 259 
438 493 193 248 
191 251 123 183 
204 244 133 173 
430 497 186 253 
149 216 200 267 
202 244 132 174 
427 501 182 256 
420 497 179 256 
201 246 130 175 
200 246 129 175 
199 246 131 178 
dinner.jpg
314 339 186 211 
170 199 74 103 
460 514 125 179 
197 249 127 179 
120 169 3 52 
433 497 189 253 
148 216 198 266 
372 437 213 278 
118 171 2 55 
431 497 188 254 
472 501 24 53 
195 248 126 179 
459 516 124 181 
144 223 193 272 
198 248 128 178 
432 495 190 253 
434 496 191 253 
452 518 122 188 
188 254 121 187 
453 523 119 189 
429 499 185 255 
425 500 184 259 
437 490 194 247 
418 497 180 259 
191 251 123 183 
204 244 133 173 
149 216 200 267 
202 244 132 174 
427 501 182 256 
420 497 179 256 
146 223 192 269 
461 505 130 174 
416 498 178 260 
200 246 129 175 
199 246 131 178 
scibowl.png
809 838 155 184 
532 579 217 264 
440 482 244 286 
363 407 218 262 
733 774 233 274 
632 679 231 278 
180 231 251 302 
268 319 256 307 
102 150 236 284 
394 446 546 598 
172 229 511 568 
522 594 166 238 
3 113 196 306 
430 456 322 348 
100 129 588 617 
439 484 243 288 
805 842 153 190 
732 775 232 275 
174 228 513 567 
222 278 253 309 
526 594 168 236 
168 232 432 496 
386 453 541 608 
361 408 216 263 
99 147 235 283 
173 225 514 566 
525 596 167 238 
267 373 150 256 
734 772 234 272 
631 681 230 280 
170 228 509 567 
443 481 246 284 
366 407 219 260 
266 319 255 308 
220 279 250 309 
592 706 140 254 
804 843 151 190 
171 228 510 567 
398 448 542 592 
529 580 215 266 
106 147 237 278 
179 232 249 302 
358 416 214 272 
630 688 229 287 
445 478 248 281 
528 590 171 233 
269 316 258 305 
356 422 209 275 
438 487 241 290 
181 230 252 301 
264 364 154 254 
359 410 213 264 
436 487 240 291 
4 113 200 309 
368 404 222 258 
435 488 239 292 
523 602 162 241 
434 489 238 293 
442 480 245 283 
176 236 247 307 
590 685 187 282 
535 574 221 260 
273 312 261 300 
166 231 506 571 
536 576 220 260 
678 790 182 294 
184 225 257 298 
275 317 260 302 
182 226 254 298 
272 316 259 303 
437 483 242 288 
scibowl.png
631 681 230 280 
360 409 216 265 
530 582 215 267 
731 777 232 278 
180 233 250 303 
102 150 236 284 
437 486 241 290 
267 320 255 308 
394 446 546 598 
172 229 511 568 
522 594 166 238 
3 113 196 306 
99 149 234 284 
174 228 513 567 
222 278 253 309 
526 594 168 236 
168 232 432 496 
386 453 541 608 
438 486 242 290 
269 320 256 307 
173 225 514 566 
525 596 167 238 
362 408 217 263 
632 680 231 279 
179 230 251 302 
268 365 156 253 
170 228 509 567 
528 582 214 268 
178 233 249 304 
264 319 254 309 
592 706 140 254 
171 228 510 567 
398 448 542 592 
106 147 237 278 
440 483 244 287 
630 688 229 287 
532 577 219 264 
220 282 248 310 
531 578 218 265 
356 422 209 275 
103 152 235 284 
181 230 252 301 
667 767 151 251 
359 410 213 264 
436 487 240 291 
266 375 149 258 
4 113 200 309 
98 151 233 286 
435 488 239 292 
523 602 162 241 
434 489 238 293 
176 234 246 304 
590 685 187 282 
166 231 506 571 
536 576 220 260 
442 482 245 285 
678 790 182 294 
184 225 257 298 
272 313 261 302 
275 317 260 302 
439 483 243 287 
271 315 258 302 
scibowl.png
631 681 230 280 
360 409 216 265 
530 582 215 267 
731 777 232 278 
180 233 250 303 
102 150 236 284 
437 486 241 290 
267 320 255 308 
394 446 546 598 
172 229 511 568 
522 594 166 238 
3 113 196 306 
99 149 234 284 
174 228 513 567 
222 278 253 309 
526 594 168 236 
168 232 432 496 
386 453 541 608 
438 486 242 290 
269 320 256 307 
173 225 514 566 
525 596 167 238 
362 408 217 263 
632 680 231 279 
179 230 251 302 
268 365 156 253 
170 228 509 567 
528 582 214 268 
178 233 249 304 
264 319 254 309 
592 706 140 254 
171 228 510 567 
398 448 542 592 
106 147 237 278 
440 483 244 287 
630 688 229 287 
532 577 219 264 
220 282 248 310 
531 578 218 265 
356 422 209 275 
103 152 235 284 
181 230 252 301 
667 767 151 251 
359 410 213 264 
436 487 240 291 
266 375 149 258 
4 113 200 309 
98 151 233 286 
435 488 239 292 
523 602 162 241 
434 489 238 293 
176 234 246 304 
590 685 187 282 
166 231 506 571 
536 576 220 260 
442 482 245 285 
678 790 182 294 
184 225 257 298 
272 313 261 302 
275 317 260 302 
439 483 243 287 
271 315 258 302 
scibowl.png
360 409 216 265 
530 582 215 267 
631 681 230 280 
180 233 250 303 
731 777 232 278 
102 150 236 284 
437 486 241 290 
267 320 255 308 
394 446 546 598 
172 229 511 568 
522 594 166 238 
3 113 196 306 
99 149 234 284 
174 228 513 567 
222 278 253 309 
526 594 168 236 
168 232 432 496 
386 453 541 608 
438 486 242 290 
269 320 256 307 
173 225 514 566 
525 596 167 238 
362 408 217 263 
632 680 231 279 
179 230 251 302 
268 365 156 253 
170 228 509 567 
528 582 214 268 
178 233 249 304 
264 319 254 309 
592 706 140 254 
398 448 542 592 
171 228 510 567 
106 147 237 278 
440 483 244 287 
630 688 229 287 
532 577 219 264 
220 282 248 310 
531 578 218 265 
356 422 209 275 
103 152 235 284 
181 230 252 301 
667 767 151 251 
359 410 213 264 
436 487 240 291 
266 375 149 258 
4 113 200 309 
98 151 233 286 
435 488 239 292 
523 602 162 241 
434 489 238 293 
176 234 246 304 
590 685 187 282 
166 231 506 571 
536 576 220 260 
442 482 245 285 
678 790 182 294 
184 225 257 298 
272 313 261 302 
275 317 260 302 
439 483 243 287 
271 315 258 302 
angledfaces.png
face.png
151 20874 131
151 206166 221
256 37295 211
face2.png
83 10854 79
108 13514 41
31 8130 80
dinner.jpg
137 160221 244
195 224453 482
