[ 0.90874311  0.99876065  0.85003925  0.99517655  0.83792095  0.83372662
  0.9895534  0.94701311  0.95332893  0.83494146  0.91571747  0.8335765
  0.92960832  0.83465866  0.84095462  0.91432406  0.921778  0.92370927
  0.92803554  0.96734755  0.83641163  0.95510429  0.95819966  0.81651233
  0.80768164  0.82057804  0.81786136  0.83584746  0.81363683  0.80714659
  0.80232891  0.82959281  0.96184339  0.99084323  0.98007481  0.8471611
  0.83161978  0.99999136  1.0  0.84102892  0.99136368  0.82817111  0.847741
  0.83409318  0.8586689  0.88118445  0.87624346  0.84936384  0.93615002
  0.95385379  0.97324729  0.98392918  0.97441487  0.93798321  0.98570893
  0.9860188  0.98180515  0.95765861  0.98410331  0.98067724  0.80318213
  0.82741217  0.79812756  0.80323187  0.83023843  0.81621658  0.80532493]